187
193
205
191
187
203
184
177
191
175
187
184
195
184
178
190
188
184
189
179
189
181
177
181
180
177
182
180
190
178
179
186
184
175
175
182
178
171
173
189
172
165
175
167
171
173
169
170
168
164
13
13
12
12
13
12
13
13
14
63
231
253
419
281
818
251
746
255
260
775
253
738
254
766
249
738
259
742
244
731
259
742
260
737
265
745
252
736
240
731
244
732
266
785
270
795
286
289
98732
267
790
286
803
256
780
247
789
279
849
253
276
256
249
798
279
816
257
780
250
768
253
774
252
767
269
772
258
322
278
271
262
279
270
279
278
6
5
5
5
5
160
4
5
5
5
5
5
5
4
4
7
4
4
4
4
5
5
6
5
4
5
5
5
4
6
7
7
4
5
206
4
203
4
201
4
195
5
32012
5
2032
4
201
5
57926
5
6
5
5
5
301647
6
5
6
9
6
6
334
6
16383
6
6
22399
6
6
6
4821
5
6
26979
8
85181
6
6
286
6
284
6
79396
7
16608
6
300
6
284
6
6
6
5
289
6
5
5
6
6
353
6
312
5
297
6
330
5
315
5
300
5
185
5
183
205
400
217
413
213
409
222
418
226
412
216
405
215
404
50
229
328
505
527
702
535
712
554
732
531
707
767
933
736
902
759
935
757
3829
750
2868
827
2941
0
0
793
2997
750
917
763
2924
0
1578
1511
1529
800
2996
757
927
770
2885
771
2885
839
3322
882
1033
914
1110
978
999
855
999
794
956
756
930
800
2878
