1957
1980
1945
1927
1801
1758
2515
1767
1875
1747
1824
1742
2825
1727
1832
1747
1939
1796
1933
1758
1755
1719
1797
1724
1778
1773
1718
1908
1720
1724
1711
1708
1774
1758
1968
1741
1939
1789
1756
1748
1718
1703
1728
1803
1810
1960
1814
1969
1764
1898
1723
1999
1758
1927
1749
1892
1766
1705
1707
1730
1717
1720
1757
1705
1713
1711
1721
1700
1723
1717
1713
1902
1707
1888
1715
1896
1720
1905
1703
1897
1711
1899
1700
1901
1696
1903
1719
1904
1715
1944
1716
1902
1704
1897
1723
1894
1708
1897
1708
1895
1777
1940
