7634
8523
8404
7822
8492
8817
8282
8596
8841
8481
8806
8243
8479
8904
6090
7967
8801
8847
8600
8845
8262
8885
8881
6091
7989
8692
8873
8582
8846
8189
8402
8906
6110
7900
8815
8904
8853
8965
8257
8443
9005
6073
8478
8970
8861
8508
8848
8258
8452
8882
6098
7874
8865
8901
8806
8964
8400
8517
9006
6363
7939
8856
8898
8627
8889
8183
8397
9079
6073
7964
8901
9575
8615
8901
8232
8299
8912
6059
8011
8769
8910
8650
8882
8290
8879
9707
6101
8030
8710
8910
8624
8862
8243
8434
8903
6103
7996
8889
8901
8760
