1569
2586
1296
1267
1295
1436
1383
1375
1296
1365
1359
1328
1358
1356
1270
1408
1364
1268
1353
1371
1323
1355
1369
1336
1328
1273
1357
1381
1279
1347
1391
1323
1284
1419
1352
1330
1287
1354
1388
1404
1275
1296
1356
1381
1271
1331
1359
1332
1274
1392
1352
1343
1297
1351
1372
1374
1293
1383
1392
1330
1276
1336
1374
1355
1293
1287
1371
1391
1262
1298
1393
1336
1284
1396
1365
1345
1326
1356
1369
1387
1288
1296
1407
1346
1273
1347
1367
1344
1333
1307
1403
1341
1268
1406
1365
1359
1282
1373
1423
1337
