1363
2430
1384
1722
1250
1171
1189
1256
1281
1282
1281
1255
1173
1231
1210
1278
1323
1270
1189
1196
1225
1272
1335
1257
1179
1239
1215
1287
1302
1253
1207
1249
1224
1289
1271
1290
1183
1207
1220
1317
1261
1248
1178
1251
1229
1277
1287
1272
1183
1241
1199
1284
1316
1267
1193
1187
1307
1281
1278
1250
1256
1201
1218
1274
1326
1242
1196
1189
1284
1281
1258
1258
1201
1187
1244
1288
1262
1279
1215
1190
1210
1333
1271
1239
1194
1213
1203
1350
1279
1269
1227
1201
1211
1269
1311
1273
1167
1186
1258
1296
