1250
1200
1387
1149
1185
1143
1127
1444
1283
1955
1167
1132
1141
1180
1141
1150
1216
1252
1210
1243
1210
1160
1152
1139
1171
1133
1117
1127
1414
1197
1113
1110
1162
1137
1132
1184
1144
1136
1139
1172
1143
1132
1181
1140
1135
1125
1430
1172
1187
1169
1204
1175
1180
1219
1187
1201
1188
1245
1209
1210
1260
1172
1164
1189
1148
1124
1117
1433
1171
1169
1177
1224
1196
1197
1234
1202
1218
1164
1204
1154
1138
1143
1164
1390
1167
1245
1190
1179
1190
1227
1192
1199
1210
1248
1169
1150
1181
1141
1124
1387
