13014
9095
13583
8807
13983
8947
13804
8878
13693
8855
14252
8906
13878
8759
13504
9021
13662
9045
13312
8883
13509
8824
13663
9044
13573
9052
13288
8965
13706
8681
13470
8965
13428
9031
13615
8951
13739
8905
13671
8890
13701
8894
14087
8620
14137
8830
14038
9008
13753
8783
13980
8842
13891
8960
13883
8718
13504
9069
13496
9080
13405
8980
13708
8927
13776
8904
13755
8881
13912
8703
14035
8752
14084
9064
13738
8793
13908
8868
13992
8884
13870
8753
13499
9016
13486
9045
13366
8916
13747
8891
13668
8883
13671
8879
13868
8697
14062
8793
14151
