9307
6744
6645
6862
6676
6798
8417
7011
6915
6678
6921
6650
7433
6830
6736
9300
6934
6696
6773
6784
6740
7433
6658
6707
9408
6950
6712
6749
6804
6721
7483
6720
6825
9426
6980
6708
6830
6956
6729
7459
6727
6706
9498
6966
6683
6720
6822
6739
7451
6693
6723
9407
6974
6711
6853
6805
6744
7543
6999
6667
9582
6994
6714
6716
6831
6727
7522
6748
6705
9488
6954
6738
6744
6875
6738
7545
6684
6688
9531
6915
6664
6703
6807
6738
7434
6632
6666
9372
7232
6865
6689
6788
6776
7532
6760
6665
9449
6957
6670
6743
