2090
1986
1871
1983
1835
1906
1826
1914
1831
1835
1833
1825
1895
1833
2030
1830
1830
1924
1827
1913
1847
1819
1827
1822
1895
1830
1842
1829
1831
1912
1835
1840
1830
1850
1900
1830
2034
1847
1836
1828
1832
1891
1846
1845
1832
1842
1911
1832
1922
1825
1834
1827
1835
1826
1829
1906
1833
1915
1828
1850
1834
1831
1907
1832
2037
1860
1830
1833
1824
1910
1830
1920
1842
1905
1839
1827
1826
1829
3090
1813
1892
1837
1831
1832
1833
1953
1830
1923
1838
1832
1839
1846
1839
1830
1909
1845
3461
1832
1837
1850
