2957
2558
2503
2479
2545
2561
2567
2628
3414
2545
2587
2506
2509
2488
2634
2634
2569
2502
2580
2586
2511
2514
2507
2598
2588
2591
2570
2548
2502
2525
2520
2517
2509
2605
2585
2593
2611
2566
2579
2521
2521
2525
2528
2511
2499
2501
2512
2523
2510
2506
2496
2500
2513
2510
2507
2520
2505
2557
2569
2568
2594
3981
2587
2598
2581
2576
2569
2504
2495
2505
2521
2496
2497
2497
2519
2492
2528
2500
2512
2494
2504
2504
2561
2566
2568
2574
2584
2600
2591
2590
2592
2588
2579
2575
2588
2584
2568
2565
2573
2556
