4661
3225
2988
3777
2988
2933
2964
2933
3018
2934
3023
2979
2918
3016
2921
3051
3013
2954
3036
2981
2922
3011
2981
2918
3007
2988
2916
3009
3006
2924
3034
2984
2913
3048
3024
2915
3042
3030
2910
3022
2985
2921
3009
3023
2948
2998
3005
2915
3015
2984
2935
3035
3119
2935
3039
2998
2905
3021
2989
2925
3026
3019
2926
3044
2991
2929
3034
3017
2919
3037
2978
2925
3007
2971
2937
3100
2990
2914
3044
2980
2913
3022
2983
2924
3029
2986
2926
3035
2999
2943
3034
3013
2927
3007
2986
2936
3006
3001
2920
3027
