2949
2723
2575
2590
2713
2711
2686
2679
2630
2600
2605
2732
2693
2672
2668
2617
2619
2691
2689
2688
2688
2608
2604
2717
2706
2690
2650
2597
2607
2716
2688
2674
2660
2634
2601
2713
2698
2675
2647
2596
2614
2688
2698
2683
2665
2607
2611
2715
2693
2653
2658
2593
2611
2700
2685
2666
2673
2620
2643
2706
2825
2684
2660
2629
2599
2717
2702
2674
2668
2603
2613
2713
2690
2665
2660
2611
2628
2722
2704
2692
2661
2600
2603
2722
2704
2673
2654
2608
2639
2698
2841
2659
2657
2603
2616
2703
2687
2708
2669
2615
