4770
3333
3135
3299
3765
3278
3308
3349
3320
3371
3354
3338
3385
3291
3405
3329
3294
3302
3310
3300
3335
3204
3269
3271
3314
3351
3255
3282
3310
3206
3277
3328
3213
3303
3379
3256
3303
3361
3288
3324
3206
3275
3316
3214
3310
3336
3278
3311
3229
3266
3381
3264
3300
3207
3262
3323
3318
3317
3203
3290
3335
3317
3318
3215
3283
3347
3287
3319
3212
3294
3313
3271
3325
3220
3299
3339
3260
3319
3203
3279
3339
3292
3305
3201
3287
3347
3258
3310
3219
3278
3333
3311
3319
3210
3282
3336
3292
3306
3221
3283
