1966
1783
1709
1620
2253
1662
1723
1674
1754
1687
2633
1673
1723
1647
1941
1674
1936
1668
1764
1654
1639
1628
1656
1741
1652
1854
1676
1702
1692
1688
1665
1679
1810
1657
1827
1692
1946
1680
1848
1626
1911
1678
1670
1671
1665
1687
1707
1807
1721
1691
1658
1672
1652
1681
1734
1696
1696
1700
1680
1707
1733
1705
1925
1857
1946
1730
1906
1704
1910
1721
1925
1709
1915
1703
1939
1696
2784
1681
1731
1681
1692
1748
1682
1865
1698
1715
1690
1675
1752
1685
1876
1694
1698
1675
1724
1766
1693
1794
1680
1775
