1679
1392
1515
1370
1365
1432
1882
1391
1442
1430
1418
1417
1402
1422
1554
1420
1437
1432
1425
1673
1406
1376
2213
1353
1375
1354
1354
1529
1367
1358
1358
1360
1529
1363
1350
1518
1356
1362
1358
1349
2458
1365
1367
1350
1360
1535
1352
1364
1528
1354
1366
1352
1362
1533
1370
1417
1552
1440
1359
1352
1358
1526
1389
1384
1517
1375
1369
1367
1356
1355
1367
1354
1515
1352
1358
1356
1361
1350
1363
1351
1522
1363
1354
1549
1452
1417
1357
1457
1432
1429
1433
1600
1438
1430
1619
1398
1386
1366
1367
1367
