19217
18848
16697
18005
16409
18060
16488
18105
16505
18218
16530
18085
16406
18061
16513
18167
16622
18080
16845
18084
16729
18093
16537
18105
16668
17948
16795
17975
16572
18135
16652
18142
16716
18010
16598
18198
16527
18072
16517
18105
16562
18061
16486
17940
16511
18027
16521
18065
16627
18061
16452
17994
16412
18102
16477
18087
16560
18181
16612
18068
16805
18051
16524
18076
16493
18094
16496
18106
16463
18080
16505
18074
16508
18059
16557
18033
16460
18138
16493
18051
16456
18077
16547
18109
16602
18008
16820
18182
16501
18025
16464
18105
16487
18072
16474
18149
16507
18109
16558
18106
