2233
2035
1960
2146
1981
1956
2458
2006
2030
1983
1974
2082
2001
1990
3708
1972
1987
1973
1987
2025
1970
1991
2037
1982
1970
2049
2006
1968
2051
1983
2013
2050
1978
1984
2057
1982
1990
2072
1973
1984
1993
1983
2029
1975
1969
2040
1980
1980
2055
1984
1983
2059
1994
1986
1986
1984
2032
2007
1993
2049
1979
1977
2043
1978
1972
2080
1998
2186
1999
1981
2036
2004
1977
2054
1998
1974
2067
1986
2183
1988
1977
2058
1987
1983
2072
1978
1976
1980
1968
2036
1988
1987
2047
1992
1979
2064
1998
2179
1975
1986
