4693
3214
3071
2966
3153
3113
3003
3121
3074
3119
3049
3119
3079
3113
3053
3116
3049
3120
3065
3110
3057
3119
3115
3173
3109
3116
3047
3107
3071
3108
3044
3101
3016
3099
3023
3090
2995
3092
3061
3116
3081
3118
3068
3130
3072
3130
3062
3097
3053
3102
3122
3134
3058
3120
3058
3108
3079
3126
3068
3122
3050
3117
3056
3107
3055
3121
3050
3122
3071
3114
3063
3099
3087
3121
3053
3113
3042
3115
3058
3107
3043
3112
3070
3179
3055
3105
3068
3119
3084
3105
3068
3124
3076
3136
3069
3133
3065
3120
3090
3105
