1808
1531
1548
1596
1603
2108
1539
1562
1484
1482
1480
1477
1642
1469
2334
1481
1467
1464
1476
1475
1467
1637
1470
1607
1478
1486
1648
1480
1477
1533
1657
1492
1551
1474
1468
1468
1464
1475
1470
1634
1461
1547
1481
1465
1488
1468
1499
1468
1643
1481
1474
1476
1477
1496
1470
1636
1483
1547
1477
1461
1473
1466
1631
1479
1639
1481
1460
1471
1466
1630
1484
1538
1476
1463
1467
1469
1636
1479
1468
1462
1470
1464
1461
1645
1465
1460
1471
1465
1466
1475
1656
1467
1481
1465
1462
1633
1462
1540
1464
1474
