1223
2093
1182
1537
1213
1168
1176
1210
1178
1131
1088
1090
1358
1193
1580
1108
1067
1110
1143
1128
1162
1124
1119
1155
1123
1123
1169
1149
1144
1132
1098
1093
1118
1063
1337
1162
1148
1159
1138
1106
1088
1115
1068
1337
1165
1145
1146
1129
1104
1098
1112
1067
1319
1168
1136
1147
1133
1113
1127
1090
1067
1347
1130
1143
1152
1140
1102
1088
1111
1076
1322
1163
1142
1155
1133
1099
1106
1117
1070
1312
1180
1236
1298
1106
1107
1112
1147
1118
1319
1159
1142
1153
1135
1096
1079
1122
1055
1325
1161
1142
