1306
1246
1802
1295
1257
1205
1247
1205
1190
1228
1195
1285
1275
1320
1263
1159
1194
1280
1213
1167
1238
1284
1232
1209
1203
1167
1175
1183
1287
1250
1245
1265
1221
1213
1167
1217
1171
1174
1176
1291
1250
1250
1246
1279
1233
1225
1288
1238
1225
1224
1271
1236
1237
1284
1245
1245
1246
1253
1206
1197
1191
1231
1231
1182
1178
1226
1193
1260
1252
1293
1254
1255
1249
1290
1242
1245
1241
1293
1249
1240
1242
1286
1195
1184
1185
1233
1174
1167
1183
1215
1160
1152
1163
1202
1165
1167
1221
1182
1180
1185
