1692
1630
1499
2530
1560
1460
1592
1550
1478
1611
1470
1563
1513
1549
1471
1610
1476
1552
1516
1567
1479
1607
1476
1608
1524
1575
1535
1559
1470
1604
1480
1535
1595
1557
1548
1575
1544
1551
1524
1555
1578
1553
1490
1605
1468
1556
1497
1562
1474
1599
1476
1555
1515
1573
1478
1617
1466
1592
1484
1555
1507
1562
1517
1594
1482
1600
1515
1545
1521
1584
1507
1551
1507
1605
1480
1585
1522
1565
1510
1608
1494
1587
1485
1592
1526
1558
1521
1621
1483
1600
1531
1554
1511
1556
1483
1583
1512
1555
1516
1580
