1621
1462
1402
1468
1522
1539
2484
1473
1514
1493
1490
1438
1517
1455
1514
1515
1410
1530
1513
1400
1500
1484
1429
1514
1496
1415
1508
1463
1443
1524
1495
1442
1505
1486
1421
1486
1464
1453
1480
1471
1460
1491
1489
1427
1538
1466
1421
1538
1474
1418
1496
1496
1419
1512
1517
1426
1502
1513
1409
1496
1526
1406
1525
1522
1398
1501
1490
1417
1507
1517
1420
1508
1503
1419
1490
1465
1454
1515
1466
1454
1505
1471
1427
1485
1471
1450
1510
1483
1459
1497
1459
1434
1492
1471
1444
1478
1470
1445
1501
1470
