1865
1740
2991
1647
1492
1640
1500
1608
1656
1688
1589
1769
1594
1550
1622
1535
1552
1597
1551
1552
1604
1538
1565
1606
1564
1565
1530
1575
1556
1596
1586
1583
1606
1584
1571
1562
1578
1594
1494
1576
1628
1560
1594
1602
1568
1576
1535
1572
1593
1602
1580
1508
1624
1576
1564
1633
1514
1599
1601
1575
1590
1523
1588
1585
1613
1579
1524
1597
1570
1620
1584
1502
1646
1596
1577
1650
1500
1555
1605
1564
1562
1533
1575
1561
1594
1567
1492
1607
1580
1566
1603
1489
1582
1602
1591
1564
1537
1575
1562
1612
