1521
1173
1655
1196
1081
1205
1182
1603
1172
1155
1153
1147
1165
1089
1157
1077
1143
1084
1148
1086
1144
1128
1183
1175
1182
1160
1182
1150
1148
1141
1155
1067
1168
1065
1161
1080
1147
1067
1152
1067
1172
1109
1160
1133
1154
1135
1155
1150
1157
1137
1153
1073
1167
1082
1153
1071
1196
1089
1139
1080
1152
1062
1140
1080
1178
1081
1168
1149
1146
1141
1157
1179
1149
1144
1152
1127
1154
1070
1151
1085
1154
1078
1151
1067
1147
1068
1197
1079
1138
1083
1151
1100
1160
1070
1153
1073
1154
1065
1152
1075
