1686
1194
1810
1165
1281
1177
1255
1163
1297
1290
1318
1331
1245
1237
1226
1242
1243
1262
1229
1232
1161
1256
1236
1246
1250
1156
1239
1235
1229
1156
1244
1251
1268
1210
1233
1238
1245
1218
1236
1241
1305
1174
1245
1233
1228
1249
1251
1237
1168
1247
1231
1242
1251
1241
1240
1237
1259
1241
1247
1247
1169
1251
1245
1165
1259
1240
1240
1257
1238
1236
1244
1245
1163
1246
1241
1175
1312
1235
1161
1284
1234
1237
1238
1237
1231
1244
1231
1235
1234
1233
1156
1237
1234
1237
1274
1253
1224
1248
1234
1230
