1406
1208
1196
1210
1186
1196
1184
1260
1188
1187
1180
1182
1176
1177
1425
1174
1191
1328
1175
1179
1174
1170
1172
1177
1171
1175
1194
1177
1174
1177
1387
1170
1194
1323
1175
1185
2077
1186
1178
1314
1171
1189
1171
1173
1175
1165
1182
1177
1172
1179
1184
1174
1183
1179
1177
1392
1181
1179
1318
1179
1174
1344
1181
1167
1176
1168
1165
1196
1173
1173
1177
1384
1177
1183
1316
1174
1169
1171
1168
1167
1168
1208
1173
1170
1384
1164
1185
1354
1185
1175
1174
1178
1183
1174
1174
1188
1167
1399
1179
1180
