2286
2060
2113
2023
2202
2059
2047
2150
2066
2043
2109
2036
2047
2078
2113
2046
2041
2089
2132
2058
2058
2133
2110
2046
2039
2115
2124
2047
2067
2077
2123
2055
2066
2080
2115
2044
2047
2064
2114
2043
2066
2086
2117
2054
2037
2076
2126
2056
2049
2086
2136
2037
2037
2093
2129
2035
2069
2094
2034
2038
2050
2100
2045
2046
2052
2132
2036
2064
2036
2104
2044
2055
2089
2116
2043
2043
2094
2141
2048
2036
2109
2042
2059
2045
2105
2040
2088
2045
2127
2049
2055
2076
2120
2045
2042
2116
2128
2058
2091
2103
