3100
3106
3376
2792
2941
2817
2815
2923
2896
2812
2942
2863
2811
2906
2886
2828
2913
2888
2857
2797
2896
2866
2800
2909
2907
2859
2814
2913
2885
2821
2814
2907
2865
2798
2811
2901
2876
2824
2832
2921
2890
2853
2821
2925
2892
2864
2817
2929
2884
2837
2804
2908
2889
2811
2817
2970
2881
2801
2799
2915
2917
2854
2806
2913
2892
2879
2799
2908
2874
2855
2834
2909
2879
2827
2823
2909
2877
2807
2809
2921
2895
2861
2790
2927
2876
2862
2821
2920
2893
2860
2818
2940
2890
2823
2833
2912
2883
2821
2826
2914
