2504
3139
2373
2166
2177
2228
2257
2164
2175
2182
2216
2262
2204
2166
2186
2175
2215
2249
2165
2161
2169
2165
2221
2243
2155
2156
2160
2225
2356
2201
2226
2277
1993
2389
2239
2186
2156
2177
2211
2232
2161
2189
2163
2307
2262
2404
2220
2159
2162
2260
2246
2167
2139
2153
2225
2228
2279
2230
2153
2166
2210
2233
2151
2173
2146
2148
2212
2261
2166
2148
2152
2197
2221
2156
2156
2157
2156
2226
2234
2163
2142
2142
2217
2227
2148
2151
2270
2264
2220
2240
2155
2170
2143
2206
2219
2169
2155
2156
2151
2212
