2558
2291
2250
2241
2266
2335
2347
2323
2364
2351
2359
2264
2257
2254
2254
2347
2316
2323
2267
2289
2266
2265
2277
2263
2270
2263
2270
2265
2283
2296
2324
2341
2343
2266
2272
2265
2263
2259
2307
2320
2332
2350
2268
2272
2251
2254
2251
2307
2323
2340
2354
2267
2263
2261
2255
2274
2305
2317
2342
2351
2270
2258
2256
2265
2264
2298
2316
2357
2356
2254
2262
2262
2277
2257
2350
2325
2347
2344
2272
2370
2443
2423
2343
2329
2331
2753
2436
2287
2266
2284
2234
2245
2306
2318
2339
2338
2252
2258
2251
2241
