2793
2408
3353
2499
3405
2544
2431
2441
2414
2475
2537
2507
2485
2485
2478
2470
2461
2438
2446
2440
2497
2479
2497
2495
2501
2531
2508
2434
2429
2511
2498
2506
2515
2503
2527
2492
2500
2500
2490
2497
2529
2502
2517
2509
2518
2426
2437
2434
2418
2423
2412
2419
2417
2429
2425
2431
2426
2423
2424
2428
2422
2471
2475
2493
2626
2501
2426
2426
2436
2427
2430
2429
2431
2436
2441
2414
2427
2486
2489
2499
2512
2538
2433
2420
2422
2589
2415
2437
2479
2421
2418
2413
2434
2438
2481
2519
2500
2532
2425
2432
